SC144931.PC01506.C12	-0.161794196	0.19070072	0.143525597	0.000720386	-0.05032671	-0.008419037	0.010890312	-0.005510555	0.003954294	-0.004729253	0.002713214	-0.02987273	-0.002881415	0.001866736	-0.017263919	-0.010139049	-0.013406632	-0.01600224	-0.001083477	0.001916394	-0.006197089	0.007128462	-0.002022749	-0.001114175	-0.011876825	-0.00146381	0.001641826	0.002449955	-0.001789463	-0.000611852	-0.000200011	-1.15E-05	-0.000707865	-0.001225647	-0.001110781	0.00083024	0.000268233	-6.79E-05	0	0	0	0	0	0	0	0	0	0	0	0	0	0	0	0	0	0	0	0	0	0	0	0	0
SC144932.PC01367.A02	-0.156625564	0.193588199	0.131830082	-0.007957936	-0.064052137	0.001922849	0.009929959	-0.007100631	0.013873237	0.00088944	0.008757718	-0.041197844	-0.004331284	0.001002474	-0.010598119	0.010178619	0.010177321	0.002402943	0.004662324	-0.000908962	0.003722924	-0.008084984	-0.009902452	0.002355037	0.002121445	0.003421063	0.002610884	-0.002495427	0.003124741	0.000967843	-0.003820391	-0.000286076	-0.003616127	-4.49E-05	0.00083045	-0.000417415	0.0006579	-0.000417035	0	0	0	0	0	0	0	0	0	0	0	0	0	0	0	0	0	0	0	0	0	0	0	0	0
SC144932.PC01506.A02	-0.168473737	0.202104841	0.147110249	-0.002854799	-0.05361725	-0.011185809	0.000759157	-0.007672184	0.011046732	-0.004467072	-0.008699488	-0.03773696	-0.003936332	-0.012212194	-0.008231366	-0.003998894	0.009964957	0.00968218	-0.003514526	0.00160632	0.004177764	0.003770076	0.013362524	-0.002401948	0.00030326	-0.00071335	-0.003998048	0.001043879	-0.003266299	-0.001042051	0.003535079	0.000728812	0.003650245	-0.000622771	-0.000187949	-0.000199326	-0.000871177	0.00018748	0	0	0	0	0	0	0	0	0	0	0	0	0	0	0	0	0	0	0	0	0	0	0	0	0
SC144934.PC01367.D01	0.59036676	0.020916653	0.008895595	-0.010528596	-3.30E-05	0.000138085	0.001986948	0.001003672	-0.001769683	0.001017438	0.007014087	-0.004023728	-0.003366693	-0.00213372	0.00917053	0.002021068	0.005185592	0.01025087	-0.008232552	0.010343528	-0.006694497	-0.001198752	0.00232067	0.007562193	-0.004481879	-0.004229416	-0.005513322	0.007141166	-0.002246374	-0.002514977	-0.002811461	0.00410252	0.000228706	0.000198775	0.003956022	-0.002076975	0.003552775	-0.000753783	0	0	0	0	0	0	0	0	0	0	0	0	0	0	0	0	0	0	0	0	0	0	0	0	0
SC144934.PC01506.D01	0.589678147	0.023820652	0.017255123	-0.013995848	-0.000630186	-0.005173602	-0.004003359	0.001720137	0.00354452	-0.0022284	0.008396649	-0.003938795	-0.000866976	0.000897427	0.004886636	-0.007206977	0.00470188	0.007639605	-0.00088711	0.002271411	-0.012186003	-0.00370626	0.000877897	0.004038662	0.003670098	0.000768095	-0.002590059	0.000591066	-0.006177637	-0.005030121	0.001819591	-0.004528059	-0.004583046	0.003240865	0.00244383	0.003181065	-0.003264649	0.00018608	0	0	0	0	0	0	0	0	0	0	0	0	0	0	0	0	0	0	0	0	0	0	0	0	0
SC144955.PC01367.G09	-0.076173801	0.073751886	-0.096775957	0.099419251	0.015891213	-0.046580687	-0.048104804	-0.017938713	0.039469902	-0.012973532	0.005656571	-0.004062836	0.00369784	-0.013862532	-0.009102493	-0.001489811	-0.0025124	0.005082349	-0.001101138	-0.002693936	-0.002242725	0.001783946	0.001447027	-0.002501927	-0.001963122	0.000922563	0.001500497	-0.004095323	0.004424906	-0.005297533	-0.002505769	-0.002922722	0.000446204	0.002413557	0.000988467	-0.000963184	-0.00071811	-0.001109226	0	0	0	0	0	0	0	0	0	0	0	0	0	0	0	0	0	0	0	0	0	0	0	0	0
SC144955.PC01506.G09	-0.076313558	0.074952224	-0.100080391	0.100938731	0.005571137	-0.049024222	-0.046504239	-0.007644131	0.03473642	-0.009608118	0.008035077	-0.004042011	-0.007508807	-0.006295835	-0.000643008	-0.003612012	0.003656835	-0.003978851	0.000332865	0.006800432	0.000210879	-0.001195921	-0.000606495	-0.004791577	0.005620919	0.003328725	-0.002118304	0.000285158	0.002693581	-0.000507162	0.004003761	0.000166953	-0.000299597	-0.00140358	0.001667136	-0.000744703	0.00131002	0.000279328	0	0	0	0	0	0	0	0	0	0	0	0	0	0	0	0	0	0	0	0	0	0	0	0	0
SC144956.PC01367.F03	-0.071838596	0.071911813	-0.098092601	0.100228806	0.025438239	-0.057775699	-0.048297736	-0.003651371	0.034681972	-0.019626523	0.003438827	0.009626482	0.003163444	0.000263037	0.00162287	-0.007349343	-0.001869521	-0.005218736	-0.006409055	-0.005057794	0.000549777	-0.001497858	-0.002988353	0.006795779	0.004681956	-0.002975174	0.000751656	0.000239751	-0.001247383	0.004522423	0.001931291	-0.00116015	0.001606003	4.66E-05	9.25E-05	-0.000735161	0.001240994	-0.00062702	0	0	0	0	0	0	0	0	0	0	0	0	0	0	0	0	0	0	0	0	0	0	0	0	0
SC144956.PC01506.F03	-0.073853218	0.071885327	-0.105166116	0.100432167	0.014326777	-0.056282321	-0.046251708	-0.006078148	0.034493661	-0.015198793	0.012964583	0.003716525	-0.007286515	-0.003830986	-0.008680261	-0.00526643	-0.000219657	-0.003937175	0.001260113	0.001232587	0.000694098	-0.000258171	0.000502513	0.000421539	-0.007738526	-0.000352167	-0.001576435	0.002749051	-0.005131678	0.001542102	-0.002852793	0.002505271	-0.002576429	-0.000723291	-0.002666872	0.002380725	-0.000969464	0.001218029	0	0	0	0	0	0	0	0	0	0	0	0	0	0	0	0	0	0	0	0	0	0	0	0	0
SC144957.PC01367.H10	-0.145886841	0.14613752	0.079121825	-0.105716764	0.011802285	-0.050415647	0.034497027	-0.011384127	0.041570554	0.011559495	-0.020554896	0.011814544	-0.012149833	0.003977477	-0.004375444	0.002731727	-0.001672177	0.002494091	0.003274488	-0.00199452	-0.001013223	-0.002045625	-0.001521275	-0.00078272	-0.000292135	0.007052988	0.001344708	0.005471429	0.001506341	0.00036768	0.002585448	0.001038598	-0.001527433	-0.002624555	-0.000471305	-0.000105155	-0.000961962	-0.001300645	0	0	0	0	0	0	0	0	0	0	0	0	0	0	0	0	0	0	0	0	0	0	0	0	0
SC144957.PC01506.H10	-0.146547975	0.139741114	0.081029841	-0.104741849	0.008412524	-0.046627318	0.036269996	-0.002668695	0.03760964	0.011492715	-0.018295581	0.005811941	-0.017188903	0.001361284	0.003957945	0.009776556	-0.004641361	-0.006428399	-0.001852898	0.003287061	-0.002437376	-9.87E-05	-0.003329269	0.00100363	0.001056775	-0.007458355	-0.000339501	-0.005262266	-0.002299499	-0.000432513	-0.001993861	-0.001083473	0.001540972	0.003051156	-5.40E-05	0.000290109	0.00105313	0.001423403	0	0	0	0	0	0	0	0	0	0	0	0	0	0	0	0	0	0	0	0	0	0	0	0	0
SC144958.PC01367.C01	-0.088279008	-0.409873039	0.066635953	0.009822173	0.018281845	0.015540796	0.002838065	-0.001676457	0.008169924	0.019856055	-0.00357911	0.000725542	-0.004978203	0.000446692	0.002528479	-0.007893652	0.002523264	-0.006027277	0.001059986	-0.005484894	-0.002463696	-0.01942785	0.002167316	-0.005536669	0.000131942	0.003126231	0.002849724	0.005585657	-0.004927444	0.001333598	0.001042446	0.001219455	0.002640519	-0.002270436	-7.79E-05	-0.001721138	0.000588713	0.000556846	0	0	0	0	0	0	0	0	0	0	0	0	0	0	0	0	0	0	0	0	0	0	0	0	0
SC144958.PC01506.C01	-0.084914032	-0.41824625	0.052757334	0.007845444	0.009385079	-0.001867418	-0.003986176	-0.010339144	0.008492193	0.006536021	0.000829778	-0.003509997	0.004664965	-0.002455266	-0.003005888	-0.006323295	0.006379856	0.001291393	0.003286892	-0.008743611	-0.001270228	0.002983338	-0.001916884	0.005466953	-0.006690427	0.006551432	-0.00249342	0.006285777	0.004958674	0.003912225	-0.002281438	-0.001560177	0.000512525	0.007497365	-0.00061372	-0.001897486	-0.00154718	0.000719981	0	0	0	0	0	0	0	0	0	0	0	0	0	0	0	0	0	0	0	0	0	0	0	0	0
SC144979.PC01367.E11	-0.125890794	0.199996243	0.187691382	0.016929641	-0.02958	-0.013292761	-0.012796675	0.013110449	0.005686303	-0.005422024	0.004247766	0.018454698	0.007553733	0.029094681	-0.003571006	0.005389429	-0.017972731	0.006979933	-0.003039531	-6.45E-05	-0.007058093	0.000574801	-0.001547871	-0.000141502	0.006794168	-0.002082609	0.001549264	0.002822094	0.002515116	0.003507618	0.000523098	0.001598032	0.001398722	0.002854847	0.000310201	0.000548429	-0.000160216	-0.000626864	0	0	0	0	0	0	0	0	0	0	0	0	0	0	0	0	0	0	0	0	0	0	0	0	0
SC144979.PC01506.E11	-0.129519836	0.207858185	0.178776428	0.010095592	-0.034366747	-0.017339886	-0.021411996	0.002330327	0.000837763	-0.014344321	0.001217639	0.021488323	0.00939497	0.025547412	-0.006347205	-0.004373406	-0.001187523	0.004547174	-0.010293644	-0.000360998	0.004045287	-0.003367242	-9.08E-06	0.000958938	0.000300375	0.005801551	-0.003153372	-0.004096154	-0.000472596	-0.003534787	-0.000241754	-0.002419094	-0.000646808	-0.001595833	-0.000466515	0.000358477	0.000408919	0.000781663	0	0	0	0	0	0	0	0	0	0	0	0	0	0	0	0	0	0	0	0	0	0	0	0	0
SC144980.PC01367.C10	-0.15785703	0.232269214	0.165992757	-0.006025689	-0.001408521	-0.047657617	-0.029000519	0.007534232	-0.015598604	-0.01676962	-0.021303917	0.02044454	0.017453448	-0.015483329	0.014949449	-0.005113001	0.010739036	0.002618288	0.002686812	-0.006289209	0.002796719	0.003072014	0.00181224	0.001598733	-0.000878045	-0.005761494	0.002086103	-0.001097813	0.001266712	-0.002432092	-0.000297129	-0.002227402	0.000721729	-0.002686025	0.002395021	-0.005376968	-0.001334133	0.000531267	0	0	0	0	0	0	0	0	0	0	0	0	0	0	0	0	0	0	0	0	0	0	0	0	0
SC144980.PC01506.C10	-0.16203295	0.238831281	0.166415652	-0.007461143	0.005755724	-0.047362619	-0.028335959	0.008290754	-0.020999802	-0.022061007	-0.018782392	0.024707256	0.017002994	-0.026145694	0.018756673	-0.000425184	0.009068431	-0.00056673	0.004693379	0.002244254	-0.000103418	-0.002400219	-0.001028915	-0.002158697	0.002833796	0.001508977	-0.000190034	0.001345116	-0.000751786	0.00291281	-0.000128888	0.002857783	-0.001043501	0.003051093	-0.002129746	0.004466877	0.000888606	-0.000404834	0	0	0	0	0	0	0	0	0	0	0	0	0	0	0	0	0	0	0	0	0	0	0	0	0
SC144982.PC01367.F12	0.586934497	0.013608309	-0.004147239	0.005545797	7.57E-06	0.009119337	0.003693344	-0.001488691	-0.007886785	0.007397088	-0.008524997	0.004352734	-0.00518174	-0.002008492	-0.001276335	0.008708073	-0.005403882	-0.002075112	-0.004258844	-0.009776212	0.016907403	0.006072708	0.002445773	-0.00469801	0.001441374	0.003094005	0.000106412	0.001490647	-0.005140562	-0.001591796	0.001288951	0.000666308	-0.003352361	0.00282342	0.00022961	-0.000640723	0.001427657	-0.000464553	0	0	0	0	0	0	0	0	0	0	0	0	0	0	0	0	0	0	0	0	0	0	0	0	0
SC144982.PC01506.F12	0.588050346	0.019085118	0.007626169	-0.006034975	4.60E-05	-0.000217895	-0.000908969	-0.000636877	-0.000508568	0.001850492	0.003800236	-0.000115008	-0.001701685	-0.000108821	0.001375462	0.000952935	-0.00137556	-0.002754177	0.003015459	-0.003295521	0.012146445	0.002677246	-5.76E-05	-0.008219096	0.001015107	-0.000243164	-0.002827253	-0.001896616	0.003850432	0.003855505	0.003096419	0.001606708	0.005611692	0.000746074	0.003721243	0.002660696	-0.003043554	0.000423845	0	0	0	0	0	0	0	0	0	0	0	0	0	0	0	0	0	0	0	0	0	0	0	0	0
SC145003.PC01367.A10	-0.095532431	0.152888695	0.040666641	0.068900734	-0.005685732	0.058730582	-0.009789256	-0.031175348	-0.043656246	0.021684662	0.024139973	0.000737156	-0.009398628	-0.011019696	0.01360598	0.004814986	-0.013140612	-0.005694242	-0.004721847	0.00029981	0.00715251	0.005167714	-0.001183244	-0.000841367	0.000346702	0.001411971	0.000444239	0.002750891	-0.001026791	-0.000378295	-0.000105486	-0.002948348	-0.000204425	0.000662754	-0.000223978	-0.001212657	-0.000271208	-0.000743008	0	0	0	0	0	0	0	0	0	0	0	0	0	0	0	0	0	0	0	0	0	0	0	0	0
SC145003.PC01506.A10	-0.095481381	0.147870538	0.029171675	0.082271813	-0.004517804	0.061174568	-0.009448174	-0.02850966	-0.040752446	0.018476329	0.010288631	0.00049293	-0.005587855	-0.009030838	0.000366954	0.001771272	-0.006101766	-0.006952713	-0.002561198	-0.006620412	-0.006877466	-0.00173617	0.00145446	0.002190632	0.000145364	-0.001488846	-0.001369221	-0.002000695	0.00660827	-0.000909622	0.001092635	0.005218994	-0.002761971	-0.00121757	0.00253653	0.000967746	0.001038354	0.001612749	0	0	0	0	0	0	0	0	0	0	0	0	0	0	0	0	0	0	0	0	0	0	0	0	0
SC145004.PC01367.F08	-0.098085943	0.137204073	0.01760336	0.085634785	-0.017293638	0.069806114	-0.002391552	-0.028166668	-0.045114603	0.011440328	0.001945847	0.000827229	0.012383519	0.003819245	-0.002346382	0.009546038	-0.003958247	-0.000802554	0.009294562	0.010850407	-0.000499487	-0.003932376	-0.003682232	0.004778682	-0.001056326	0.001290762	-0.001029162	0.002163531	-0.003558131	-0.000121228	0.005322862	-0.005354912	0.002684468	-0.000185147	-0.002256442	0.000635411	0.001037584	0.000273226	0	0	0	0	0	0	0	0	0	0	0	0	0	0	0	0	0	0	0	0	0	0	0	0	0
SC145004.PC01506.F08	-0.094788494	0.137015026	0.015037149	0.086221672	-0.01348636	0.065417381	-0.002577022	-0.025636571	-0.038245329	0.009285579	-0.002834922	-0.00184781	0.013050991	-0.003176731	0.004332647	-0.000813263	0.003456409	0.002701733	0.012315514	0.00257129	-0.002571582	-0.000130981	0.00102157	-0.003118755	0.00301033	-0.003716796	0.001590883	-0.00146365	-0.004505698	0.003354547	-0.005107154	0.003153455	0.000410071	0.000555897	-0.00016833	-0.000912028	-0.001964167	-0.00091678	0	0	0	0	0	0	0	0	0	0	0	0	0	0	0	0	0	0	0	0	0	0	0	0	0
SC145006.PC01367.D10	-0.091811696	-0.407949093	0.052073289	0.006863063	0.012194284	0.001910392	-0.002533233	-0.010331768	0.007668626	0.007208865	0.005471837	0.002611758	0.009638012	-0.00389754	-0.005764891	0.001331355	-0.001766402	0.005233043	-0.000616611	-0.008344055	0.001835926	-0.008553717	0.001541417	0.000514533	-0.004872916	-0.007272357	0.003847261	-0.002661221	0.002651507	-0.008050424	0.00374111	0.002031095	-0.000272194	-0.001091874	-0.001045617	0.003463941	2.47E-05	-0.001239144	0	0	0	0	0	0	0	0	0	0	0	0	0	0	0	0	0	0	0	0	0	0	0	0	0
SC145006.PC01506.D10	-0.084157124	-0.413102553	0.05178529	-0.000765356	0.01748093	0.002094789	0.000397316	-0.01840783	0.006216287	-0.00456388	-0.000571117	0.000918956	0.017180332	-0.008593875	-0.012915891	-0.002170865	-0.011478989	0.008908477	-0.002665052	0.006132438	0.001493298	-0.002325645	0.007420247	-0.008971105	0.001760912	-0.001722146	-0.001195043	-0.001728	-0.000889036	0.005610477	-0.002175786	-0.00461744	-0.004533192	9.73E-05	0.000417272	-0.001403461	0.000980201	9.29E-06	0	0	0	0	0	0	0	0	0	0	0	0	0	0	0	0	0	0	0	0	0	0	0	0	0
SC145027.PC01507.G05	-0.113270782	0.102705316	-0.099173067	-0.028473635	-0.022319261	0.063595835	-0.00355207	-0.008056955	0.041752596	0.034613897	-0.011042326	-0.038458505	0.035045074	0.012451894	0.008163165	-0.012279414	0.007638839	0.00276732	-0.00569849	-0.00287302	0.005071688	-0.000552125	0.003177469	-0.003890015	0.00130054	-0.009421427	0.003379161	-0.000104669	-0.001139482	0.000593896	8.43E-05	-4.69E-05	-0.001303874	0.000911336	-0.001001251	0.000901573	0.000663	0.000247239	0	0	0	0	0	0	0	0	0	0	0	0	0	0	0	0	0	0	0	0	0	0	0	0	0
SC145028.PC01507.F09	-0.108021777	0.095903763	-0.107998956	-0.019511456	-0.006063122	0.042437193	-0.005770894	-0.010951607	0.039531398	0.028531441	-0.014408122	-0.034178449	0.03545417	0.009438448	0.02146753	0.000117117	-0.003263356	0.001112602	0.001346638	-0.005107045	-0.004188728	0.005780942	-0.00451194	0.001969167	0.000857976	0.009697734	-0.002460461	0.000199717	-4.29E-05	-0.001129172	1.88E-05	0.001681964	0.000555826	-0.001735714	0.000218554	-4.49E-05	-0.001229435	-9.03E-05	0	0	0	0	0	0	0	0	0	0	0	0	0	0	0	0	0	0	0	0	0	0	0	0	0
SC145029.PC01507.A02	-0.14334905	0.046852549	0.051166093	-0.130163291	0.041669643	0.035763985	-0.029128577	0.015234704	-0.012232141	-0.018091652	0.052817854	-0.000764869	0.005347485	-0.007834848	-0.006283505	0.005359634	-0.000478057	0.006176678	0.005443057	-0.010263396	-0.004712397	0.003181871	0.003979951	-0.000603538	-0.002550404	0.000491867	-0.000263336	-0.000743817	-0.002146492	0.000447153	4.38E-05	-0.000495188	0.000226865	-0.001058352	-3.87E-05	-0.000364607	-4.64E-05	8.29E-05	0	0	0	0	0	0	0	0	0	0	0	0	0	0	0	0	0	0	0	0	0	0	0	0	0
SC145030.PC01507.D02	0.591172233	0.02113715	0.010911657	-0.006933035	0.000675521	-0.001663258	-0.003147664	-0.00036152	0.000111526	0.002520282	0.004584653	0.001461333	-0.002094495	0.002078258	0.004045383	-0.002720848	-0.000178419	0.00382657	-0.002079425	-0.001334252	-0.000177456	0.000680307	0.000709286	-0.003112654	0.006537745	0.00085018	-0.00561979	-0.001385312	0.002997933	-0.005034315	-0.004886888	0.001825394	0.002916233	0.000114247	-0.008807908	-0.001551605	0.000749371	0.000155905	0	0	0	0	0	0	0	0	0	0	0	0	0	0	0	0	0	0	0	0	0	0	0	0	0
SC145051.PC01507.D03	-0.105873471	0.023785307	-0.08901867	-0.040388297	0.036504259	-0.016335693	0.064424335	-0.059418096	0.003345672	-0.01840801	-0.031558237	0.015588868	0.006607522	-0.010054049	0.013665118	-0.007695262	-0.0081647	-0.000829416	0.000587519	-0.007830519	-0.000127415	-0.000138872	-0.003614521	0.007143225	-0.000374421	-0.000891376	0.000496062	-0.000694351	-0.00135306	0.00382866	-0.000625181	0.001307298	-0.001050216	-0.000643269	-1.05E-05	0.000678907	0.000357053	-0.00014809	0	0	0	0	0	0	0	0	0	0	0	0	0	0	0	0	0	0	0	0	0	0	0	0	0
SC145052.PC01507.D09	-0.104408945	0.027252467	-0.098606685	-0.042099334	0.016621007	-0.009744116	0.057043952	-0.084240571	-0.001653123	-0.02335459	-0.026268581	-0.008453609	-0.002690911	-0.00913453	-0.003467538	0.003073706	-0.004563022	-0.006073679	-0.001773177	0.014363558	-0.003043995	-0.003151249	0.001129001	-0.004762011	0.001895862	0.001247654	-0.001888814	-0.000473271	0.00306149	-0.002927997	0.002106426	-0.002827624	0.000991088	0.001757456	-0.00018739	-0.000704395	0.000224416	6.23E-05	0	0	0	0	0	0	0	0	0	0	0	0	0	0	0	0	0	0	0	0	0	0	0	0	0
SC145054.PC01507.D11	-0.100600892	-0.419480402	0.041913814	0.027443038	-0.01745606	-0.013263383	-0.019887365	0.018559968	-0.000951139	-0.018344618	0.005709854	-0.00904577	-0.024181321	-0.003579003	0.012673846	0.000181935	-0.010026602	-0.001033813	-0.002150424	-0.000609625	0.00123286	-0.004570186	-0.006374555	-0.002326162	0.008348899	-0.002763958	0.007940735	0.003374796	-0.004134697	-0.002820539	-0.000578906	5.60E-05	0.00103592	0.000324262	-0.000200758	-0.000752823	-0.001279232	0.000400429	0	0	0	0	0	0	0	0	0	0	0	0	0	0	0	0	0	0	0	0	0	0	0	0	0
SC145075.PC01507.H03	-0.116405335	0.103384642	-0.028285391	0.052206902	0.033264288	0.02665522	0.07731784	0.005896902	-0.011928976	-0.017968601	0.005083267	0.006779167	-0.028003044	0.008535288	0.004854362	-0.020399429	0.006915899	0.014660532	0.012575757	-0.014993601	-0.00443646	0.005040494	-0.000126048	-0.003499303	0.004162435	0.003083679	-0.002507084	-0.003464594	-0.001806819	0.000703088	0.000510258	-0.003192346	-0.000966707	-0.00225515	0.000270914	0.00070773	0.002385714	8.90E-06	0	0	0	0	0	0	0	0	0	0	0	0	0	0	0	0	0	0	0	0	0	0	0	0	0
SC145076.PC01507.A06	-0.111325811	0.119721352	-0.02467183	0.060799213	0.026473016	0.036778936	0.065736358	-0.010551616	-0.021869899	-0.029166171	0.004000482	0.019736284	-0.024102743	0.029557011	-0.012357881	-0.015892905	0.005503777	-0.002542987	-0.004314586	0.002855732	0.002051729	-0.000790756	0.001439524	-0.002618373	-0.004107394	-0.00125081	0.00237067	0.001681736	0.002087127	-0.002420324	-0.001768362	0.003027445	0.001298342	0.00177375	0.000721983	-0.000390148	-0.001733689	-0.000508653	0	0	0	0	0	0	0	0	0	0	0	0	0	0	0	0	0	0	0	0	0	0	0	0	0
SC145078.PC01507.G04	0.585055531	0.002896504	-0.029523196	0.029899043	-0.003561682	0.026695434	0.006983179	0.000797772	-0.020426726	0.004178053	-0.044907087	0.013708949	0.004648345	-0.005919093	-0.013781681	0.005640378	-0.000858799	-0.001064172	-0.003693002	-0.009013998	-0.011180811	-0.003546685	0.001168328	0.002328906	0.003832367	-0.001543023	0.000349453	-0.000142379	0.000914216	-2.26E-05	-4.03E-05	-0.000309411	2.56E-05	-0.000532959	-9.70E-05	5.28E-05	-0.000501409	0.000396308	0	0	0	0	0	0	0	0	0	0	0	0	0	0	0	0	0	0	0	0	0	0	0	0	0
SC145099.PC01507.B09	-0.114249244	-0.055348135	-0.087283873	-0.076032427	0.007836214	0.039389765	-0.036918389	-0.030201477	-0.00129007	-0.059746903	0.008904462	-0.000715172	0.002312989	0.003646764	-0.000903093	0.012243636	0.001278285	-0.005777257	0.000810334	-0.002684666	-0.012327148	0.011686889	0.002318879	-0.00693902	-0.001081519	-0.001213789	0.003275648	0.00095484	-0.001730068	-0.001556007	-0.002034649	0.000966375	0.000549163	-0.000716514	0.000309066	-0.000201728	-0.000496993	0.000149838	0	0	0	0	0	0	0	0	0	0	0	0	0	0	0	0	0	0	0	0	0	0	0	0	0
SC145100.PC01507.G06	-0.117741556	-0.056281057	-0.06323023	-0.078209368	0.036199876	0.065646416	-0.028768685	-0.036757125	0.004738062	-0.046791112	-0.009559303	0.02568978	0.01972073	0.0237905	-0.003636496	0.007909417	0.012783863	0.001856241	-0.00169981	0.003401066	0.01222606	-0.005499785	0.001281447	0.005285748	-0.001994255	-0.001617265	-0.000118294	0.001765561	3.77E-05	0.000129227	0.000666197	-0.000111121	0.000214298	-0.000177098	5.23E-05	1.48E-05	-3.10E-05	0.000240834	0	0	0	0	0	0	0	0	0	0	0	0	0	0	0	0	0	0	0	0	0	0	0	0	0
SC145102.PC01507.D10	-0.084260177	-0.423726552	0.048390772	0.001319141	0.013537832	-0.000393781	-0.003354992	-0.018322319	0.007176918	-0.005332639	0.002972019	0.000859276	0.013194533	-0.01534287	-0.016036135	-0.004158005	-0.010910423	0.009555727	0.002970379	0.006068991	0.002039773	0.009631311	-0.00949408	0.009879236	0.005830155	0.003057946	-0.000803433	-0.002467169	-0.00185328	-0.002715967	-0.000249407	0.003840239	0.002973612	-0.0029267	0.000819475	0.000513477	-0.000374102	0.000174719	0	0	0	0	0	0	0	0	0	0	0	0	0	0	0	0	0	0	0	0	0	0	0	0	0
SC145123.PC01510.E01	-0.112837842	-0.010571354	-0.106183545	-0.026813731	-0.151392669	0.026976807	-0.007817325	0.00012805	0.030494883	0.022881841	0.006873522	0.041703831	-0.01688047	0.002868303	0.013922263	0.000352956	0.007048827	-0.010902251	0.000416721	0.003880825	-0.000597629	0.001108331	-0.002967834	-0.002427073	0.003302347	-0.001548202	0.000780184	-0.003141231	-0.000501918	-0.000736529	-0.001159397	0.000988134	-0.002297464	-0.000282329	0.000277465	-0.0006976	-0.000958086	-0.000189769	0	0	0	0	0	0	0	0	0	0	0	0	0	0	0	0	0	0	0	0	0	0	0	0	0
SC145124.PC01510.E10	-0.109923699	-0.020551381	-0.11820944	-0.038085163	-0.159319747	0.02188418	-0.005640359	-0.004355701	0.034260162	0.030482075	0.023791617	0.049831297	-0.001668578	-0.005674546	-0.00832286	0.000389771	-0.005849808	0.012075584	0.007557042	-0.002626895	0.000744394	-0.001084945	0.004375522	0.001772959	-0.004185044	0.001115085	-0.001535497	0.002383536	0.000374743	5.46E-05	0.000172027	-0.001308065	0.002074978	0.000211313	0.000517845	0.000265176	0.000958772	0.000224768	0	0	0	0	0	0	0	0	0	0	0	0	0	0	0	0	0	0	0	0	0	0	0	0	0
SC145126.PC01510.D04	0.588856516	0.02003511	0.008866349	-0.010793754	-0.001754397	-0.002301733	0.001708705	0.000991205	0.000970584	-0.001988746	0.006813514	-0.003741526	-0.002835525	-0.003688417	0.000388657	0.001736906	-0.000876919	-0.005692544	0.000692766	0.000434195	0.002551779	-0.001642426	0.001999692	0.004180119	0.000563106	-0.005033579	0.000996277	0.005674317	0.007317944	0.003738008	-0.005197253	-0.00625661	-7.03E-05	-0.006634801	-0.000716874	0.00250945	-0.001190622	-0.00013728	0	0	0	0	0	0	0	0	0	0	0	0	0	0	0	0	0	0	0	0	0	0	0	0	0
SC145147.PC01510.G01	-0.106484069	0.140019321	-0.059291896	0.03372406	0.088946091	0.021253686	-0.031708921	0.062493991	0.016628098	0.01369771	-0.015350365	0.009016476	-0.00657434	0.010410486	-0.005698173	0.011925964	-0.004485969	-0.001992693	0.008043548	0.00331958	-0.003972305	-0.004283797	0.001863371	0.004015294	-0.005424143	-0.003038859	-0.005467995	-0.006461985	-0.003364617	0.003119838	0.000574504	-0.000673375	0.001405166	-0.00021755	-0.000755477	-0.000953886	-0.001261802	-0.000760228	0	0	0	0	0	0	0	0	0	0	0	0	0	0	0	0	0	0	0	0	0	0	0	0	0
SC145148.PC01510.C07	-0.10965568	0.135797128	-0.052234792	0.039795611	0.07430989	0.025283996	-0.023255235	0.065028841	0.001045622	7.80E-05	-0.022103343	0.006960756	0.018036009	0.012189953	-0.003277574	0.000779543	0.003277105	0.005283178	0.005965446	0.005883088	0.002714791	0.002264659	-0.001927025	-0.00506732	0.001422515	0.003849316	0.005134576	0.005970671	0.003413285	-0.0040573	-0.001344516	-3.22E-05	-0.001239353	0.000154558	0.001086764	0.000956437	0.001740228	0.000764754	0	0	0	0	0	0	0	0	0	0	0	0	0	0	0	0	0	0	0	0	0	0	0	0	0
SC145150.PC01510.F10	-0.101094468	-0.395050758	0.056974874	0.026863354	-0.007689307	0.009148368	-0.000731964	0.01833178	-0.010021418	-0.013258192	-0.01289491	-0.008792537	-0.007015886	0.009481817	0.023660164	0.003090672	-0.013638508	0.005007416	0.008931909	0.003891934	0.004828962	-0.003378505	0.003233471	0.001450286	-0.006243688	-0.002030334	-0.006574475	-0.003779054	0.004979892	-0.000993136	0.002205985	0.002045579	-0.004979594	-0.000170193	-0.000976176	-0.001556888	-0.001157077	0.000131497	0	0	0	0	0	0	0	0	0	0	0	0	0	0	0	0	0	0	0	0	0	0	0	0	0
SC145171.PC01510.H05	-0.092532351	0.039603812	0.001337167	0.060094712	-0.01143604	0.047827654	0.111890773	0.069920955	0.015880794	-0.024314771	0.028601543	0.014195908	0.032537872	-0.026902667	-0.005303209	0.012164603	0.00861144	-0.011518796	-0.016202488	0.000693563	0.000145871	-0.003935119	-0.003270274	-0.000230823	-0.000984723	0.00293238	-0.000416192	-0.001639425	0.000375686	-0.00020408	0.000283391	-9.35E-05	-0.000155197	0.00038172	-0.000256417	-0.00051681	-0.000523004	-5.93E-05	0	0	0	0	0	0	0	0	0	0	0	0	0	0	0	0	0	0	0	0	0	0	0	0	0
SC145172.PC01510.A01	-0.097787594	0.044052969	-0.007525818	0.054644069	0.012995293	0.001163449	0.076894951	0.052073185	0.046091182	0.015536304	-0.023023383	-0.003267474	-0.000680871	-0.005786843	0.001657192	-0.001163477	-0.013393096	0.002106016	0.00109187	0.001616069	-0.000897514	0.006046507	0.008099703	0.000501622	-0.000442772	-0.00352055	0.000801555	0.003164562	1.24E-05	0.000101046	0.000209835	0.000348939	0.001025623	-9.53E-05	0.00019125	-0.000281015	-0.000362653	0.000172078	0	0	0	0	0	0	0	0	0	0	0	0	0	0	0	0	0	0	0	0	0	0	0	0	0
SC145174.PC01510.B05	0.593196817	0.029076738	0.028718476	-0.026288442	-0.012049729	-0.01972069	-0.002815306	0.003580211	0.016558076	-0.018957596	0.000478468	-0.009446901	0.010603293	0.006705267	-0.014927832	0.000755176	-0.002109791	-0.019885214	0.017627527	-0.004896573	0.003889302	-0.002491331	-0.011048931	-0.006017286	-0.001727926	-0.002027757	-0.00549136	-0.000155884	-0.002610824	-0.000191287	0.001437232	0.001364433	-0.001011231	-0.000398108	0.001278972	-0.001831809	0.001183877	-0.000192239	0	0	0	0	0	0	0	0	0	0	0	0	0	0	0	0	0	0	0	0	0	0	0	0	0
SC145195.PC01510.D03	-0.113658621	-0.03822619	-0.14067983	-0.095491034	0.014633106	-0.034485543	0.010523792	0.053468815	-0.043823412	0.009583188	0.00179061	0.006815497	0.009401481	-0.009760679	0.001529714	0.003817056	-0.00720837	0.00152346	0.011962707	0.006914984	-0.004390095	-0.000353269	-0.001047288	-0.005889686	-1.97E-05	0.001572656	0.001583963	0.001399705	0.001118235	-0.002658877	-0.000140728	-0.000574212	0.000256172	6.57E-05	0.000288155	-2.28E-05	-9.71E-05	8.88E-05	0	0	0	0	0	0	0	0	0	0	0	0	0	0	0	0	0	0	0	0	0	0	0	0	0
SC145196.PC01510.H06	-0.113816802	-0.036630464	-0.138776093	-0.092321996	-0.008007051	-0.020339597	-0.002243938	0.03157842	-0.051615125	-0.00628945	0.018203924	-0.005490409	0.014340065	-0.001638746	-0.016317986	-0.019397259	-0.006131828	-0.002789281	-0.014892842	-0.004218536	0.002579494	-0.00275565	-0.001593617	0.002918402	0.003670625	-0.00087807	-0.002989573	-0.001932874	-0.000727475	0.002491404	0.001708105	0.000902272	-0.000808989	0.000536534	-0.000704155	-0.000734009	-0.000233086	-0.00019312	0	0	0	0	0	0	0	0	0	0	0	0	0	0	0	0	0	0	0	0	0	0	0	0	0
SC145198.PC01510.H02	-0.102048764	-0.38001626	0.034334888	0.014530066	-0.014313797	-0.019646201	-0.01477188	0.003158245	-0.004753989	0.00071528	0.002944704	0.000903593	-0.00304962	0.013133787	0.004449731	0.014227767	0.013898187	-0.008968464	-0.007578263	-0.001638903	-0.011690749	0.011627066	0.005893437	-0.002986599	0.004155901	-0.000936196	-0.002669673	0.001475308	0.002936396	0.004228799	0.005264086	0.000621184	-0.001399786	-0.000863015	-0.001477157	0.000387098	0.001186408	-0.000457426	0	0	0	0	0	0	0	0	0	0	0	0	0	0	0	0	0	0	0	0	0	0	0	0	0
SC145219.PC01511.B11	-0.135044558	0.115310442	-0.031853437	-0.049366654	0.023763723	0.052334307	-0.052090962	-0.001209313	-0.011025319	0.038508073	-0.032262838	-0.008934934	-0.027961533	-0.016288122	-0.026802673	0.001738711	0.009237932	0.003707207	-0.003122469	-0.001876606	-0.005454006	-0.008697509	-0.000580076	-0.001334554	0.001827264	0.001522504	-1.02E-05	-0.001895998	0.002181882	0.001693002	-0.000575185	0.001267246	0.000486378	0.001078053	0.000178066	-0.0004844	-5.89E-05	-0.000234948	0	0	0	0	0	0	0	0	0	0	0	0	0	0	0	0	0	0	0	0	0	0	0	0	0
SC145220.PC01511.B08	-0.129598234	0.126731907	-0.019453634	-0.044930526	0.052366806	0.023962324	-0.047454198	0.011448308	-0.019781691	0.028980354	-0.030956421	0.010856512	-0.023924341	-0.003203594	0.004503084	0.004128943	-0.008390177	-0.006291938	-0.016258278	-0.006113058	0.006320787	0.007238315	-0.001707544	0.001581016	-0.004173991	0.003000648	0.001081196	0.000869271	-0.001972797	-0.002237839	0.000114612	-0.001793425	-0.001131789	-0.001017074	-0.000194714	3.63E-05	-0.000267173	-3.54E-05	0	0	0	0	0	0	0	0	0	0	0	0	0	0	0	0	0	0	0	0	0	0	0	0	0
SC145221.PC01511.B02	-0.136968172	0.103927937	0.019119523	-0.102462598	0.030800001	0.020998716	-0.032744234	0.023881583	-0.009804949	0.009080974	0.024650673	-0.007958175	-0.00358342	-9.44E-05	0.012943994	-0.029997757	-0.006459091	-0.012277157	0.000643394	0.010263363	-0.000104803	-0.002225706	0.000288736	0.001108636	0.003727875	-0.00099372	-0.002498568	6.04E-05	0.003745138	0.00023014	-0.000140458	-0.000616074	0.000723359	0.001170399	0.000970196	0.000472187	0.000682418	-0.000380366	0	0	0	0	0	0	0	0	0	0	0	0	0	0	0	0	0	0	0	0	0	0	0	0	0
SC145222.PC01511.G11	0.590138459	0.022340489	0.015553745	-0.016438934	-0.005194517	-0.006990471	-0.00050456	0.002447726	0.005093249	-0.004115337	0.008813628	-0.005667985	0.001479128	0.003307373	-0.001037882	-0.003207061	-0.003066584	-0.010476735	0.009803738	0.004219247	0.000854366	0.001093812	0.015976147	0.010126089	1.30E-06	0.007369578	0.013798527	-0.007048677	0.000528758	0.001572246	0.001446321	0.001187211	1.42E-05	0.001613097	-0.000575178	-0.000856041	0.001493974	0.000133386	0	0	0	0	0	0	0	0	0	0	0	0	0	0	0	0	0	0	0	0	0	0	0	0	0
SC145243.PC01511.E12	-0.128262443	0.033242158	-0.094649745	-0.019749358	-0.056920166	0.010111219	-0.008470936	0.028015619	-0.016860836	-0.044816979	-0.013910684	-0.018373184	-0.028645835	-0.020114792	0.010575208	0.000248439	0.007444306	0.004587429	0.002719733	0.002686152	0.007655274	-0.002032311	0.002004277	0.002151715	-0.005674665	0.001565145	-0.000659699	0.00081859	0.000529859	0.001246312	0.000378216	0.000830739	0.000571982	-0.000110442	-0.001006725	0.001496161	0.000721709	-0.000198924	0	0	0	0	0	0	0	0	0	0	0	0	0	0	0	0	0	0	0	0	0	0	0	0	0
SC145244.PC01511.H05	-0.12528024	0.049828486	-0.106563957	-0.006608149	-0.044950023	0.0076517	0.011120387	0.033236275	-0.004009029	-0.038180508	0.004987774	-0.044779776	-0.023186678	0.01165687	0.001431657	0.016734396	-0.004303846	0.010712082	-0.002150926	-0.003306982	0.002405901	-0.001487179	-0.003148549	0.00594785	0.006425511	-0.002152383	0.000970484	0.000947865	0.000477207	0.001772108	0.000556003	-0.000610736	0.000327098	0.000820059	0.000145334	-0.000290811	-0.000298348	0.000337314	0	0	0	0	0	0	0	0	0	0	0	0	0	0	0	0	0	0	0	0	0	0	0	0	0
SC145246.PC01511.A09	-0.07979537	-0.393228744	0.077670065	0.006816918	0.021453302	0.030628539	0.011071388	0.01472381	0.002991203	0.029396211	-0.010542473	0.008019347	-0.012271167	-0.001117544	-0.016722313	-0.006889995	0.021696473	-0.004566708	0.005626603	0.010070817	0.006162457	0.016073126	-0.0053295	0.00470341	0.003687656	-0.003696115	0.000375951	-0.000855241	-0.000695177	-0.000220218	-7.75E-05	-0.001112618	-0.001301631	-6.45E-05	-0.000154475	0.000640727	7.35E-05	-6.30E-05	0	0	0	0	0	0	0	0	0	0	0	0	0	0	0	0	0	0	0	0	0	0	0	0	0
SC145267.PC01511.H07	-0.091366561	0.107379814	0.003879449	-0.010832011	0.09876516	-0.034224262	0.028335795	-0.024377051	0.01727558	0.029782204	0.047486316	-0.002092442	-0.01230374	0.003769754	0.011386363	0.007751535	0.012840811	-0.007799813	-0.000218856	0.003185893	-4.69E-05	-0.004539904	0.004427133	0.003289643	0.002646316	0.0023076	-0.000716595	0.00081947	-0.00111004	-0.001114249	0.000816769	0.001073272	-0.000990035	-0.001375125	-0.000912074	-0.001238077	-0.002171302	0.000132883	0	0	0	0	0	0	0	0	0	0	0	0	0	0	0	0	0	0	0	0	0	0	0	0	0
SC145268.PC01511.B03	-0.090838502	0.105808915	-0.002657199	-0.011140102	0.101397798	-0.03432628	0.022651728	-0.032565543	0.012772018	0.034099492	0.044023141	0.003523124	-0.005082708	-0.00318512	0.000701366	0.013593916	-0.00295698	0.012196584	0.000892331	-0.00159625	0.006301238	0.001419766	-0.002546523	-0.002869362	-0.001043622	-0.003961362	0.000926806	-0.000588544	0.000953905	0.00127018	-0.001320593	0.000712732	0.000502976	0.001282287	0.000687982	0.001249381	0.001622959	0.000328878	0	0	0	0	0	0	0	0	0	0	0	0	0	0	0	0	0	0	0	0	0	0	0	0	0
SC145270.PC01511.G10	0.583197404	0.019005138	0.008570353	-0.002624155	0.00252659	0.000449445	-0.004484492	-0.001120995	-0.000862614	0.004954359	0.005988893	0.002706923	-0.003729946	0.000530026	0.011801581	-0.006999918	0.005244914	0.021219759	-0.012127917	0.010191704	-0.006290292	0.002078104	-0.014029569	-0.006563476	-0.011414743	0.000937071	0.00700662	-0.00429814	0.000552829	0.005173391	0.003975897	0.000381523	0.00029332	-0.00129435	-0.001485908	-0.001349599	-0.000402805	0.000234038	0	0	0	0	0	0	0	0	0	0	0	0	0	0	0	0	0	0	0	0	0	0	0	0	0
SC145291.PC01511.B01	-0.102176871	-0.026182789	-0.093538806	0.011140327	-0.038459193	-0.124607592	0.019036679	-0.007166175	-0.062186067	0.022808456	-0.00843811	-0.002295283	0.012019199	0.013684244	-0.010839359	0.005496191	-0.000388165	0.005973506	-0.003906859	0.007315775	0.004214693	0.000483473	0.00599108	-0.001550678	0.001731417	0.003714684	-0.000150927	-0.0008648	-0.002395765	0.001966054	-0.003431877	0.002715983	-0.001581349	-0.002476984	0.00103257	0.000231087	-0.001258225	0.000125621	0	0	0	0	0	0	0	0	0	0	0	0	0	0	0	0	0	0	0	0	0	0	0	0	0
SC145292.PC01511.H04	-0.103623684	-0.023302092	-0.095506163	0.020239647	-0.037945493	-0.120629846	0.019086136	-0.000459294	-0.063645589	0.029660576	0.001762725	-0.012165438	0.012267062	0.011943216	0.002842713	0.002209449	0.011310898	-0.004278816	0.005492389	-0.009001403	-0.002204244	0.000846434	-0.004102101	0.002541827	-0.004885395	-0.004795175	0.001790033	0.00095539	0.000931479	-0.002784773	0.001885492	-0.002337796	0.001882589	0.001735828	-0.000688713	-0.000344103	0.000691935	-6.39E-05	0	0	0	0	0	0	0	0	0	0	0	0	0	0	0	0	0	0	0	0	0	0	0	0	0
SC145294.PC01511.E04	-0.098486937	-0.404169932	0.050769943	0.020454249	-0.005502693	-0.004597083	-0.003483801	0.007146992	-0.005495472	0.002335149	-0.009829472	-0.010117379	-0.001367163	0.012119647	0.017621683	0.004086635	0.003824838	-0.008980031	-0.007978507	-0.001192549	-0.00226665	-0.002393973	0.001486267	-0.002614978	-0.004983773	0.006199547	-0.002146239	-0.005996298	-0.00211257	3.37E-05	-0.006347862	-0.002527284	0.004609804	-0.000433055	0.003085459	0.002677532	0.001825007	-0.000412844	0	0	0	0	0	0	0	0	0	0	0	0	0	0	0	0	0	0	0	0	0	0	0	0	0
